1880
319
2669
1570
1088
2055
334
838
1369
274
1332
553
2108
1302
1954
50
10
1650
861
2795
2226
798
2063
1457
545
917
1538
2004
854
2353
217
709
1030
36
1848
714
1502
367
2153
1519
91
1282
2358
2248
2659
1707
1460
72
1402
1013
1536
2718
1593
363
1825
786
394
1082
732
1580
2062
2476
1006
2301
492
2581
1657
2690
1182
2693
2274
141
2517
1827
2286
427
2068
1544
349
200
2083
958
2733
573
2003
1969
1677
981
1527
1231
1804
885
1134
2280
2681
1075
1581
1157
2336
2095
1611
1169
2673
976
488
1690
2506
1874
1305
333
2361
607
1738
2469
398
1818
2698
251
1466
2443
2346
2215
762
1298
301
1864
576
964
821
985
2430
1347
704
599
739
2256
1681
1583
1698
1173
2536
2041
673
1199
723
2665
2366
482
2485
726
1097
1539
645
2265
1675
2316
224
17
2342
1612
2749
1146
2601
11
314
1524
1052
0
65
1514
955
1743
1678
1293
143
182
2148
406
1807
2451
1036
231
2421
209
1641
951
2339
1120
183
537
1492
949
1001
1398
1890
2163
1318
222
2152
422
2496
437
1960
983
1101
1339
560
1064
2302
1651
1095
2686
1645
702
1390
1497
1379
2345
1748
338
789
1700
1929
2723
1631
2017
1391
387
1948
155
2615
1956
2614
2568
34
2255
1705
736
1403
2452
1789
306
1163
844
1206
2173
1561
1184
2630
1759
236
1386
1192
1233
364
504
1489
2744
423
267
803
414
1532
2434
1679
2239
228
1652
196
1916
3
2320
649
800
2441
1654
1190
764
1368
691
2073
1693
1059
1609
294
1137
2590
7
1724
1122
2592
501
337
2052
2545
2606
2509
2471
2540
252
1046
373
2133
1949
2400
1808
1842
1770
4
1253
1639
1080
2269
2031
18
90
1446
711
1021
2035
2203
1416
872
1409
2106
2089
366
2797
2640
2051
598
1237
1509
1833
1209
1816
804
549
1125
552
2411
119
775
391
627
342
2037
1459
2305
801
2128
55
2393
2099
2589
2609
275
2398
2014
1158
2235
1668
226
2753
40
831
686
21
148
1060
713
2598
1102
2491
2325
1425
1633
1573
2101
1464
738
1383
1312
2483
1768
1445
1437
2523
2380
2318
1796
1564
152
737
1534
2206
98
792
1687
466
2246
1856
1358
452
532
869
2671
826
628
677
1191
2530
1805
2674
2639
970
2546
1542
287
2047
265
2677
554
615
1736
936
2775
503
602
642
1160
104
593
2560
1057
2074
160
1461
9
97
1074
2357
2332
1665
1647
2124
1094
533
2468
430
730
2703
1694
470
727
1859
1217
2367
690
1056
2382
534
1610
1037
400
2689
135
1518
1931
2648
1252
1258
446
2419
1091
678
1799
1782
2632
1501
2237
169
188
1750
2142
943
496
1882
1153
609
272
2667
993
2118
1906
1367
1066
431
2425
705
1361
889
568
853
476
2369
71
2229
1836
1605
776
1342
2520
341
743
972
539
2097
1616
1546
1567
1958
948
2508
2510
2555
578
2015
121
1488
2112
1210
1909
668
1626
1823
2680
1961
410
621
1071
412
374
1545
2738
1763
2195
2521
2666
2783
506
1822
1986
49
1032
954
883
2002
2027
402
1487
23
614
2088
688
2702
2359
2327
1463
2322
2573
2700
768
2198
428
2186
1114
1503
99
144
2136
667
1468
1662
2727
1116
1127
2779
729
842
748
2676
2042
1324
982
1965
2290
1638
2426
2742
2140
1976
819
863
61
74
464
1745
773
2501
2781
1147
1834
2664
1204
1265
912
2691
215
2701
1851
46
2147
2585
845
1737
345
2230
175
2543
594
2403
1113
656
95
2538
2446
2013
1629
1994
840
2300
256
806
1270
811
2115
230
2236
1370
2139
1713
2242
2107
825
56
990
443
1919
1472
601
2670
1166
2705
352
529
1424
1523
1234
1930
1800
2580
1985
923
2792
2303
1758
2307
1824
1495
1462
1535
1876
132
564
1505
2030
1579
1107
1991
2022
505
2005
1898
1660
1474
1708
2146
756
178
2768
2219
1089
2466
2190
1364
1957
1431
1434
327
2399
1048
455
176
1867
1711
1443
125
1828
502
710
832
2125
219
1480
1362
1321
1055
120
575
2752
530
1263
1325
2769
2061
2448
285
2162
1970
1047
2396
1928
973
1739
78
2113
380
2760
1009
769
1832
619
33
2478
392
1392
375
1897
1777
2312
1496
35
1575
1590
1911
2174
1701
2397
1195
2321
1866
2675
415
2378
2154
1752
58
2582
1063
445
916
915
1521
1436
457
2057
454
2053
170
2273
1449
2131
2653
1155
1257
2657
2747
957
2334
2720
865
1540
1773
616
1998
1110
2534
1151
1814
273
531
2729
509
708
2006
2373
2791
1868
450
2638
2462
1475
376
818
2595
2688
1050
1921
940
799
887
2721
195
1840
1054
966
890
484
556
834
1603
1343
1875
1615
1189
2038
1395
1240
206
2461
2788
934
1034
2078
2737
138
830
2629
2450
1802
1776
1627
701
797
2040
179
1121
2431
346
1242
360
45
136
1658
774
2467
595
2774
1025
643
2647
750
1744
1830
997
2487
365
930
765
1400
1601
2758
650
1591
481
1304
399
20
2696
1412
805
519
2713
538
69
2352
2406
87
684
1740
2685
426
584
246
361
1922
2310
439
2160
1406
1596
247
2227
527
2016
1587
548
2414
2750
926
856
1829
64
2284
637
2145
654
429
244
48
2762
1118
243
2228
794
2354
433
540
1485
2577
561
1695
1193
220
2593
2009
1901
1484
1853
630
2260
2743
722
2512
2279
1337
2518
1161
1469
939
2151
2412
2455
149
1176
2192
1188
2351
1674
1251
2734
2735
1520
2707
2784
2164
395
2583
2391
514
2566
54
1427
27
2572
1414
2569
461
1490
1896
1735
2388
2326
2551
1878
1371
2613
927
1793
2331
2381
1598
85
2026
2662
871
528
1311
728
1310
956
1419
1508
2091
106
1606
2616
408
331
857
2071
2096
577
2516
2217
753
1918
1941
2389
2767
479
1316
583
909
486
746
1313
1725
1676
1924
370
332
2337
2313
1813
689
2423
2731
2535
1594
2375
2243
1287
1291
393
2567
699
2438
1975
1279
2725
37
2736
1041
2605
191
261
1423
771
2513
2134
1212
802
1136
716
289
2527
1172
307
1841
581
2365
193
1315
2420
685
2081
692
837
793
1753
1322
745
325
1995
1888
1915
2120
507
1560
353
2176
172
703
211
1962
126
2587
1026
2576
658
385
921
84
2790
1602
1038
1522
157
587
755
116
77
2552
1790
1671
1614
1574
1625
115
1727
620
2309
2241
139
900
309
2650
2417
919
2728
1905
362
2635
313
1968
404
524
299
2039
1456
2138
719
715
2562
1044
1267
1972
1045
2349
344
1861
1889
1363
635
1589
1810
1073
1272
2264
1910
216
894
2252
2722
2588
351
2481
2663
829
1294
1219
855
828
1174
879
1179
641
159
1640
2780
893
2591
1584
2407
2386
1144
1907
1578
1090
2126
264
1569
2257
2550
1225
245
1500
592
523
2169
1974
1506
2761
15
112
1769
809
451
93
631
1079
2082
1214
580
227
2363
2272
2023
2156
441
1820
848
1819
2341
2143
1608
2084
2224
167
2384
1261
318
1670
173
1221
2296
2489
638
757
2799
698
1978
859
770
1345
1850
1442
62
2578
2642
2597
1586
1628
1871
12
718
2778
1559
1831
369
1655
2730
1247
53
2542
1256
1273
1148
1987
463
2036
570
1920
1452
1450
717
1374
459
987
2757
2643
1757
1183
212
2319
639
1229
1618
1817
2183
724
2177
1721
1855
2189
1150
1201
1925
2178
1417
763
197
1899
2449
2130
2282
137
971
312
766
2211
1714
874
640
194
851
2165
928
694
2221
467
924
880
440
1129
1333
2710
2504
1454
2763
2447
1035
1477
2288
2457
2213
2155
2387
2646
1870
1296
1278
563
1710
134
303
1245
2424
165
150
1458
1004
1507
2459
822
2033
2502
63
1317
2706
2408
1067
1349
88
2624
1498
1031
925
2048
2511
1051
741
2170
975
2786
1791
2223
2433
259
107
543
2789
2445
663
2745
487
733
30
1553
2541
2579
225
357
1571
1473
266
1772
567
2137
2000
302
1685
477
2150
2746
2668
2249
1673
420
1156
257
498
683
103
43
2641
2238
1314
434
1357
2714
2726
250
388
2025
2289
124
2553
2117
1934
752
1585
1979
742
483
910
1659
2348
2065
1607
67
572
1795
1260
1746
202
1341
1951
1696
2210
2724
2122
1426
1373
759
2090
2058
277
1100
2620
199
2772
2486
623
76
92
2330
238
2182
1329
1604
1435
950
1301
129
1788
453
1249
671
1149
1268
2132
965
2544
2180
2556
760
1307
1719
1197
2470
1884
2109
754
1844
253
1098
1945
1797
808
2110
1543
2362
813
1684
2127
1385
2104
288
154
1913
1935
1691
1767
1551
2711
526
336
558
1027
1644
749
1104
270
2500
359
2347
1530
2715
2460
184
269
1499
747
1186
68
2032
632
2218
1323
2328
198
2474
2493
2100
1350
1476
1547
1388
513
2247
389
1303
448
2123
1243
471
586
1017
1526
2092
2287
1792
2432
2525
16
562
810
1348
44
2275
2370
605
1177
735
1730
781
485
218
989
2741
407
618
1702
1895
1413
2103
1308
612
1203
707
904
2018
323
1119
1387
2415
2782
19
1365
2197
941
520
2043
2429
475
293
1194
1019
493
1399
1269
783
1982
161
2464
348
368
1923
1396
2060
1854
2350
500
2283
882
767
2054
600
114
1630
664
94
1806
613
1421
340
908
1706
2075
1297
1847
201
888
185
2719
465
588
1401
2258
480
140
1264
73
1108
2515
1555
1471
1283
648
2340
2379
1381
672
2295
1330
2637
1418
2602
693
2456
1600
2034
1981
316
2184
839
295
1479
31
1774
1077
204
901
2356
679
1208
2427
2695
1845
1852
2144
1335
2191
1622
1359
790
780
2011
1781
2531
1525
2537
89
841
1996
1947
2064
1171
2066
2046
2563
659
2368
772
2240
2692
1967
680
706
991
1103
2794
304
2285
1351
1187
1887
1715
611
2655
2216
1964
1680
547
1039
2253
696
849
1749
1617
1838
565
142
279
1528
1040
1227
390
2317
296
1798
935
499
967
2343
1709
850
559
1444
1042
597
1467
1900
315
1704
1932
2524
945
2497
1723
2045
190
835
2098
28
1128
2436
324
2102
490
2277
1246
1290
59
2554
992
1430
1803
897
589
268
2245
2404
416
2028
2732
1873
1942
2492
1549
1275
740
2611
384
2193
846
946
1111
2651
1346
2631
1689
1053
1771
827
1582
2622
662
516
2498
2422
2056
75
2796
1557
1666
2020
2355
1955
1014
1420
843
675
329
1756
214
2294
657
682
1963
2314
1959
2049
2019
2565
1300
2158
1198
371
569
905
1334
1062
2490
358
1548
2029
82
1180
551
1682
2201
2376
42
2652
1178
1762
1712
1380
2159
2739
52
512
1236
660
1504
884
1821
81
1224
2168
2444
1011
2712
1024
557
824
2171
2008
1410
959
254
2709
591
1886
1165
2405
1533
1218
629
1623
339
2785
146
291
1692
544
1992
2012
1326
460
2607
235
2697
405
2557
1646
2076
1207
1280
2694
2194
1973
1892
478
1407
145
929
2463
1439
579
1447
590
474
66
596
2292
1216
1411
2514
2475
5
320
153
1130
355
2488
321
166
2329
2571
2335
1281
425
1562
1940
203
1515
1966
1248
123
2291
1164
2231
878
2085
1761
608
906
1860
922
2548
1070
1588
462
2324
1619
1220
1241
852
1565
2114
242
508
174
622
1943
1152
1661
305
310
109
1405
1289
1181
151
1007
820
133
2558
233
978
1764
2374
2608
2149
1977
377
697
2586
2623
961
582
2308
25
2344
210
2116
1541
1778
1306
258
1933
1428
1196
223
186
1123
518
57
1238
2383
1478
931
1213
795
411
1159
1132
1983
886
2549
758
489
2704
788
494
944
2776
1255
1109
2649
1441
1354
1742
2756
2687
1511
1254
996
2200
907
1205
381
70
1835
2010
1950
984
2428
2480
988
2618
782
41
1131
1145
1394
1058
1453
868
1997
2188
1331
2278
117
1377
2179
2262
998
1846
1142
354
1005
1320
1099
1784
2157
1980
1106
721
1783
2636
1883
1483
1775
432
2007
2507
51
1397
2458
282
1517
2683
1422
168
2596
1235
417
994
311
812
1624
1537
1277
105
2377
1274
670
2658
687
1510
1049
2304
892
468
1939
517
2473
624
83
816
2250
127
164
2454
918
1433
213
2627
1926
2482
1033
1726
2770
2185
1382
1338
1862
866
1340
2479
1065
2267
744
1891
555
1755
343
111
1613
110
2717
2401
1914
2610
1656
1376
1592
118
2528
1785
1117
2679
1999
903
2204
1716
1597
1223
1440
24
1953
1558
80
1595
1720
847
255
1703
1908
2222
1355
1669
1699
263
876
625
1568
947
617
2678
330
2212
1309
1375
